[-71.47798 -50.       33.33033]
[-74.11016 -50.       26.97656]
[-76.03759  -49.700138  20.269909]
[-76.11721483 -47.79018542  14.90408148]
[-75.38905482 -45.17635605  10.0545401 ]
[-75.00546068 -44.14909265   8.50523965]
[-74.62141926 -43.39888      7.46755169]
[-7.16770369e+01 -3.75457419e+01 -8.77790553e-15]
[-71.18711568 -36.79116058  -0.93168419]
[-67.37200868 -30.88360153  -7.87465908]
[-66.82222655 -30.18342972  -8.66861932]
[-62.43353135 -24.53112588 -14.79701976]
[-61.56379846 -23.5757103  -15.78207428]
[-57.03361498 -18.52239657 -20.75853918]
[-55.44278736 -16.96799088 -22.18453204]
[-51.31709179 -12.8609355  -25.77241089]
[-48.50913836 -10.36026955 -27.75328843]
[-45.41306864  -7.54335737 -29.86864962]
[-40.83676048  -3.75254297 -32.35683283]
[-40.05700306  -3.0775657  -32.77681975]
[-39.42873005  -2.54830136 -33.08569691]
[-36.22994214   0.         -34.37024663]
[-71.47798 -50.       33.33033]
[-74.11016 -50.       26.97656]
[-76.03759  -49.700138  20.269909]
[-76.11721483 -47.79018542  14.90408148]
[-75.38905482 -45.17635605  10.0545401 ]
[-75.00546068 -44.14909265   8.50523965]
[-74.62141926 -43.39888      7.46755169]
[-7.16770369e+01 -3.75457419e+01 -8.77790553e-15]
[-71.18711568 -36.79116058  -0.93168419]
[-67.37200868 -30.88360153  -7.87465908]
[-66.82222655 -30.18342972  -8.66861932]
[-62.43353135 -24.53112588 -14.79701976]
[-61.56379846 -23.5757103  -15.78207428]
[-57.03361498 -18.52239657 -20.75853918]
[-55.44278736 -16.96799088 -22.18453204]
[-51.31709179 -12.8609355  -25.77241089]
[-48.50913836 -10.36026955 -27.75328843]
[-45.41306864  -7.54335737 -29.86864962]
[-40.83676048  -3.75254297 -32.35683283]
[-40.05700306  -3.0775657  -32.77681975]
[-39.42873005  -2.54830136 -33.08569691]
[-36.22994214   0.         -34.37024663]
[-71.47798 -50.       33.33033]
[-74.11016 -50.       26.97656]
[-76.03759  -49.700138  20.269909]
[-76.11721483 -47.79018542  14.90408148]
[-75.38905482 -45.17635605  10.0545401 ]
[-75.00546068 -44.14909265   8.50523965]
[-74.62141926 -43.39888      7.46755169]
[-7.16770369e+01 -3.75457419e+01 -8.77790553e-15]
[-71.18711568 -36.79116058  -0.93168419]
[-67.37200868 -30.88360153  -7.87465908]
[-66.82222655 -30.18342972  -8.66861932]
[-62.43353135 -24.53112588 -14.79701976]
[-61.56379846 -23.5757103  -15.78207428]
[-57.03361498 -18.52239657 -20.75853918]
[-55.44278736 -16.96799088 -22.18453204]
[-51.31709179 -12.8609355  -25.77241089]
[-48.50913836 -10.36026955 -27.75328843]
[-45.41306864  -7.54335737 -29.86864962]
[-40.83676048  -3.75254297 -32.35683283]
[-40.05700306  -3.0775657  -32.77681975]
[-39.42873005  -2.54830136 -33.08569691]
[-36.22994214   0.         -34.37024663]
[-71.47798 -50.       33.33033]
[-74.11016 -50.       26.97656]
[-76.03759  -49.700138  20.269909]
[-76.11721483 -47.79018542  14.90408148]
[-75.38905482 -45.17635605  10.0545401 ]
[-75.00546068 -44.14909265   8.50523965]
[-74.62141926 -43.39888      7.46755169]
[-7.16770369e+01 -3.75457419e+01 -8.77790553e-15]
[-71.18711568 -36.79116058  -0.93168419]
[-67.37200868 -30.88360153  -7.87465908]
[-66.82222655 -30.18342972  -8.66861932]
[-62.43353135 -24.53112588 -14.79701976]
[-61.56379846 -23.5757103  -15.78207428]
[-57.03361498 -18.52239657 -20.75853918]
[-55.44278736 -16.96799088 -22.18453204]
[-51.31709179 -12.8609355  -25.77241089]
[-48.50913836 -10.36026955 -27.75328843]
[-45.41306864  -7.54335737 -29.86864962]
[-40.83676048  -3.75254297 -32.35683283]
[-40.05700306  -3.0775657  -32.77681975]
[-39.42873005  -2.54830136 -33.08569691]
[-36.22994214   0.         -34.37024663]
[-71.47798 -50.       33.33033]
[-74.11016 -50.       26.97656]
[-76.03759  -49.700138  20.269909]
[-76.11721483 -47.79018542  14.90408148]
[-75.38905482 -45.17635605  10.0545401 ]
[-75.00546068 -44.14909265   8.50523965]
[-74.62141926 -43.39888      7.46755169]
[-7.16770369e+01 -3.75457419e+01 -8.77790553e-15]
[-71.18711568 -36.79116058  -0.93168419]
[-67.37200868 -30.88360153  -7.87465908]
[-66.82222655 -30.18342972  -8.66861932]
[-62.43353135 -24.53112588 -14.79701976]
[-61.56379846 -23.5757103  -15.78207428]
[-57.03361498 -18.52239657 -20.75853918]
[-55.44278736 -16.96799088 -22.18453204]
[-51.31709179 -12.8609355  -25.77241089]
[-48.50913836 -10.36026955 -27.75328843]
[-45.41306864  -7.54335737 -29.86864962]
[-40.83676048  -3.75254297 -32.35683283]
[-40.05700306  -3.0775657  -32.77681975]
[-39.42873005  -2.54830136 -33.08569691]
[-36.22994214   0.         -34.37024663]
[-71.47798 -50.       33.33033]
[-74.11016 -50.       26.97656]
[-76.03759  -49.700138  20.269909]
[-76.11721483 -47.79018542  14.90408148]
[-75.38905482 -45.17635605  10.0545401 ]
[-75.00546068 -44.14909265   8.50523965]
[-74.62141926 -43.39888      7.46755169]
[-7.16770369e+01 -3.75457419e+01 -8.77790553e-15]
[-71.18711568 -36.79116058  -0.93168419]
[-67.37200868 -30.88360153  -7.87465908]
[-66.82222655 -30.18342972  -8.66861932]
[-62.43353135 -24.53112588 -14.79701976]
[-61.56379846 -23.5757103  -15.78207428]
[-57.03361498 -18.52239657 -20.75853918]
[-55.44278736 -16.96799088 -22.18453204]
[-51.31709179 -12.8609355  -25.77241089]
[-48.50913836 -10.36026955 -27.75328843]
[-45.41306864  -7.54335737 -29.86864962]
[-40.83676048  -3.75254297 -32.35683283]
[-40.05700306  -3.0775657  -32.77681975]
[-39.42873005  -2.54830136 -33.08569691]
[-36.22994214   0.         -34.37024663]
[-71.47798 -50.       33.33033]
[-74.11016 -50.       26.97656]
[-76.03759  -49.700138  20.269909]
[-76.11721483 -47.79018542  14.90408148]
[-75.38905482 -45.17635605  10.0545401 ]
[-75.00546068 -44.14909265   8.50523965]
[-74.62141926 -43.39888      7.46755169]
[-7.16770369e+01 -3.75457419e+01 -8.77790553e-15]
[-71.18711568 -36.79116058  -0.93168419]
[-67.37200868 -30.88360153  -7.87465908]
[-66.82222655 -30.18342972  -8.66861932]
[-62.43353135 -24.53112588 -14.79701976]
[-61.56379846 -23.5757103  -15.78207428]
[-57.03361498 -18.52239657 -20.75853918]
[-55.44278736 -16.96799088 -22.18453204]
[-51.31709179 -12.8609355  -25.77241089]
[-48.50913836 -10.36026955 -27.75328843]
[-45.41306864  -7.54335737 -29.86864962]
[-40.83676048  -3.75254297 -32.35683283]
[-40.05700306  -3.0775657  -32.77681975]
[-39.42873005  -2.54830136 -33.08569691]
[-36.22994214   0.         -34.37024663]
[-71.47798 -50.       33.33033]
[-74.11016 -50.       26.97656]
[-76.03759  -49.700138  20.269909]
[-76.11721483 -47.79018542  14.90408148]
[-75.38905482 -45.17635605  10.0545401 ]
[-75.00546068 -44.14909265   8.50523965]
[-74.62141926 -43.39888      7.46755169]
[-7.16770369e+01 -3.75457419e+01 -8.77790553e-15]
[-71.18711568 -36.79116058  -0.93168419]
[-67.37200868 -30.88360153  -7.87465908]
[-66.82222655 -30.18342972  -8.66861932]
[-62.43353135 -24.53112588 -14.79701976]
[-61.56379846 -23.5757103  -15.78207428]
[-57.03361498 -18.52239657 -20.75853918]
[-55.44278736 -16.96799088 -22.18453204]
[-51.31709179 -12.8609355  -25.77241089]
[-48.50913836 -10.36026955 -27.75328843]
[-45.41306864  -7.54335737 -29.86864962]
[-40.83676048  -3.75254297 -32.35683283]
[-40.05700306  -3.0775657  -32.77681975]
[-39.42873005  -2.54830136 -33.08569691]
[-36.22994214   0.         -34.37024663]
[-71.47798 -50.       33.33033]
[-74.11016 -50.       26.97656]
[-76.03759  -49.700138  20.269909]
[-76.11721483 -47.79018542  14.90408148]
[-75.38905482 -45.17635605  10.0545401 ]
[-75.00546068 -44.14909265   8.50523965]
[-74.62141926 -43.39888      7.46755169]
[-7.16770369e+01 -3.75457419e+01 -8.77790553e-15]
[-71.18711568 -36.79116058  -0.93168419]
[-67.37200868 -30.88360153  -7.87465908]
[-66.82222655 -30.18342972  -8.66861932]
[-62.43353135 -24.53112588 -14.79701976]
[-61.56379846 -23.5757103  -15.78207428]
[-57.03361498 -18.52239657 -20.75853918]
[-55.44278736 -16.96799088 -22.18453204]
[-51.31709179 -12.8609355  -25.77241089]
[-48.50913836 -10.36026955 -27.75328843]
[-45.41306864  -7.54335737 -29.86864962]
[-40.83676048  -3.75254297 -32.35683283]
[-40.05700306  -3.0775657  -32.77681975]
[-39.42873005  -2.54830136 -33.08569691]
[-36.22994214   0.         -34.37024663]
[-71.47798 -50.       33.33033]
[-74.11016 -50.       26.97656]
[-76.03759  -49.700138  20.269909]
[-76.11721483 -47.79018542  14.90408148]
[-75.38905482 -45.17635605  10.0545401 ]
[-75.00546068 -44.14909265   8.50523965]
[-74.62141926 -43.39888      7.46755169]
[-7.16770369e+01 -3.75457419e+01 -8.77790553e-15]
[-71.18711568 -36.79116058  -0.93168419]
[-67.37200868 -30.88360153  -7.87465908]
[-66.82222655 -30.18342972  -8.66861932]
[-62.43353135 -24.53112588 -14.79701976]
[-61.56379846 -23.5757103  -15.78207428]
[-57.03361498 -18.52239657 -20.75853918]
[-55.44278736 -16.96799088 -22.18453204]
[-51.31709179 -12.8609355  -25.77241089]
[-48.50913836 -10.36026955 -27.75328843]
[-45.41306864  -7.54335737 -29.86864962]
[-40.83676048  -3.75254297 -32.35683283]
[-40.05700306  -3.0775657  -32.77681975]
[-39.42873005  -2.54830136 -33.08569691]
[-36.22994214   0.         -34.37024663]
[-71.47798 -50.       33.33033]
[-74.11016 -50.       26.97656]
[-76.03759  -49.700138  20.269909]
[-76.11721483 -47.79018542  14.90408148]
[-75.38905482 -45.17635605  10.0545401 ]
[-75.00546068 -44.14909265   8.50523965]
[-74.62141926 -43.39888      7.46755169]
[-7.16770369e+01 -3.75457419e+01 -8.77790553e-15]
[-71.18711568 -36.79116058  -0.93168419]
[-67.37200868 -30.88360153  -7.87465908]
[-66.82222655 -30.18342972  -8.66861932]
[-62.43353135 -24.53112588 -14.79701976]
[-61.56379846 -23.5757103  -15.78207428]
[-57.03361498 -18.52239657 -20.75853918]
[-55.44278736 -16.96799088 -22.18453204]
[-51.31709179 -12.8609355  -25.77241089]
[-48.50913836 -10.36026955 -27.75328843]
[-45.41306864  -7.54335737 -29.86864962]
[-40.83676048  -3.75254297 -32.35683283]
[-40.05700306  -3.0775657  -32.77681975]
[-39.42873005  -2.54830136 -33.08569691]
[-36.22994214   0.         -34.37024663]
[-71.47798 -50.       33.33033]
[-74.11016 -50.       26.97656]
[-76.03759  -49.700138  20.269909]
[-76.11721483 -47.79018542  14.90408148]
[-75.38905482 -45.17635605  10.0545401 ]
[-75.00546068 -44.14909265   8.50523965]
[-74.62141926 -43.39888      7.46755169]
[-7.16770369e+01 -3.75457419e+01 -8.77790553e-15]
[-71.18711568 -36.79116058  -0.93168419]
[-67.37200868 -30.88360153  -7.87465908]
[-66.82222655 -30.18342972  -8.66861932]
[-62.43353135 -24.53112588 -14.79701976]
[-61.56379846 -23.5757103  -15.78207428]
[-57.03361498 -18.52239657 -20.75853918]
[-55.44278736 -16.96799088 -22.18453204]
[-51.31709179 -12.8609355  -25.77241089]
[-48.50913836 -10.36026955 -27.75328843]
[-45.41306864  -7.54335737 -29.86864962]
[-40.83676048  -3.75254297 -32.35683283]
[-40.05700306  -3.0775657  -32.77681975]
[-39.42873005  -2.54830136 -33.08569691]
[-36.22994214   0.         -34.37024663]
[-71.47798 -50.       33.33033]
[-74.11016 -50.       26.97656]
[-76.03759  -49.700138  20.269909]
[-76.11721483 -47.79018542  14.90408148]
[-75.38905482 -45.17635605  10.0545401 ]
[-75.00546068 -44.14909265   8.50523965]
[-74.62141926 -43.39888      7.46755169]
[-7.16770369e+01 -3.75457419e+01 -8.77790553e-15]
[-71.18711568 -36.79116058  -0.93168419]
[-67.37200868 -30.88360153  -7.87465908]
[-66.82222655 -30.18342972  -8.66861932]
[-62.43353135 -24.53112588 -14.79701976]
[-61.56379846 -23.5757103  -15.78207428]
[-57.03361498 -18.52239657 -20.75853918]
[-55.44278736 -16.96799088 -22.18453204]
[-51.31709179 -12.8609355  -25.77241089]
[-48.50913836 -10.36026955 -27.75328843]
[-45.41306864  -7.54335737 -29.86864962]
[-40.83676048  -3.75254297 -32.35683283]
[-40.05700306  -3.0775657  -32.77681975]
[-39.42873005  -2.54830136 -33.08569691]
[-36.22994214   0.         -34.37024663]
[-71.47798 -50.       33.33033]
[-74.11016 -50.       26.97656]
[-76.03759  -49.700138  20.269909]
[-76.11721483 -47.79018542  14.90408148]
[-75.38905482 -45.17635605  10.0545401 ]
[-75.00546068 -44.14909265   8.50523965]
[-74.62141926 -43.39888      7.46755169]
[-7.16770369e+01 -3.75457419e+01 -8.77790553e-15]
[-71.18711568 -36.79116058  -0.93168419]
[-67.37200868 -30.88360153  -7.87465908]
[-66.82222655 -30.18342972  -8.66861932]
[-62.43353135 -24.53112588 -14.79701976]
[-61.56379846 -23.5757103  -15.78207428]
[-57.03361498 -18.52239657 -20.75853918]
[-55.44278736 -16.96799088 -22.18453204]
[-51.31709179 -12.8609355  -25.77241089]
[-48.50913836 -10.36026955 -27.75328843]
[-45.41306864  -7.54335737 -29.86864962]
[-40.83676048  -3.75254297 -32.35683283]
[-40.05700306  -3.0775657  -32.77681975]
[-39.42873005  -2.54830136 -33.08569691]
[-36.22994214   0.         -34.37024663]
[-71.47798 -50.       33.33033]
[-74.11016 -50.       26.97656]
[-76.03759  -49.700138  20.269909]
[-76.11721483 -47.79018542  14.90408148]
[-75.38905482 -45.17635605  10.0545401 ]
[-75.00546068 -44.14909265   8.50523965]
[-74.62141926 -43.39888      7.46755169]
[-7.16770369e+01 -3.75457419e+01 -8.77790553e-15]
[-71.18711568 -36.79116058  -0.93168419]
[-67.37200868 -30.88360153  -7.87465908]
[-66.82222655 -30.18342972  -8.66861932]
[-62.43353135 -24.53112588 -14.79701976]
[-61.56379846 -23.5757103  -15.78207428]
[-57.03361498 -18.52239657 -20.75853918]
[-55.44278736 -16.96799088 -22.18453204]
[-51.31709179 -12.8609355  -25.77241089]
[-48.50913836 -10.36026955 -27.75328843]
[-45.41306864  -7.54335737 -29.86864962]
[-40.83676048  -3.75254297 -32.35683283]
[-40.05700306  -3.0775657  -32.77681975]
[-39.42873005  -2.54830136 -33.08569691]
[-36.22994214   0.         -34.37024663]
[-71.47798 -50.       33.33033]
[-74.11016 -50.       26.97656]
[-76.03759  -49.700138  20.269909]
[-76.11721483 -47.79018542  14.90408148]
[-75.38905482 -45.17635605  10.0545401 ]
[-75.00546068 -44.14909265   8.50523965]
[-74.62141926 -43.39888      7.46755169]
[-7.16770369e+01 -3.75457419e+01 -8.77790553e-15]
[-71.18711568 -36.79116058  -0.93168419]
[-67.37200868 -30.88360153  -7.87465908]
[-66.82222655 -30.18342972  -8.66861932]
[-62.43353135 -24.53112588 -14.79701976]
[-61.56379846 -23.5757103  -15.78207428]
[-57.03361498 -18.52239657 -20.75853918]
[-55.44278736 -16.96799088 -22.18453204]
[-51.31709179 -12.8609355  -25.77241089]
[-48.50913836 -10.36026955 -27.75328843]
[-45.41306864  -7.54335737 -29.86864962]
[-40.83676048  -3.75254297 -32.35683283]
[-40.05700306  -3.0775657  -32.77681975]
[-39.42873005  -2.54830136 -33.08569691]
[-36.22994214   0.         -34.37024663]
[-71.47798 -50.       33.33033]
[-74.11016 -50.       26.97656]
[-76.03759  -49.700138  20.269909]
[-76.11721483 -47.79018542  14.90408148]
[-75.38905482 -45.17635605  10.0545401 ]
[-75.00546068 -44.14909265   8.50523965]
[-74.62141926 -43.39888      7.46755169]
[-7.16770369e+01 -3.75457419e+01 -8.77790553e-15]
[-71.18711568 -36.79116058  -0.93168419]
[-67.37200868 -30.88360153  -7.87465908]
[-66.82222655 -30.18342972  -8.66861932]
[-62.43353135 -24.53112588 -14.79701976]
[-61.56379846 -23.5757103  -15.78207428]
[-57.03361498 -18.52239657 -20.75853918]
[-55.44278736 -16.96799088 -22.18453204]
[-51.31709179 -12.8609355  -25.77241089]
[-48.50913836 -10.36026955 -27.75328843]
[-45.41306864  -7.54335737 -29.86864962]
[-40.83676048  -3.75254297 -32.35683283]
[-40.05700306  -3.0775657  -32.77681975]
[-39.42873005  -2.54830136 -33.08569691]
[-36.22994214   0.         -34.37024663]
[-71.47798 -50.       33.33033]
[-74.11016 -50.       26.97656]
[-76.03759  -49.700138  20.269909]
[-76.11721483 -47.79018542  14.90408148]
[-75.38905482 -45.17635605  10.0545401 ]
[-75.00546068 -44.14909265   8.50523965]
[-74.62141926 -43.39888      7.46755169]
[-7.16770369e+01 -3.75457419e+01 -8.77790553e-15]
[-71.18711568 -36.79116058  -0.93168419]
[-67.37200868 -30.88360153  -7.87465908]
[-66.82222655 -30.18342972  -8.66861932]
[-62.43353135 -24.53112588 -14.79701976]
[-61.56379846 -23.5757103  -15.78207428]
[-57.03361498 -18.52239657 -20.75853918]
[-55.44278736 -16.96799088 -22.18453204]
[-51.31709179 -12.8609355  -25.77241089]
[-48.50913836 -10.36026955 -27.75328843]
[-45.41306864  -7.54335737 -29.86864962]
[-40.83676048  -3.75254297 -32.35683283]
[-40.05700306  -3.0775657  -32.77681975]
[-39.42873005  -2.54830136 -33.08569691]
[-36.22994214   0.         -34.37024663]
[-71.47798 -50.       33.33033]
[-74.11016 -50.       26.97656]
[-76.03759  -49.700138  20.269909]
[-76.11721483 -47.79018542  14.90408148]
[-75.38905482 -45.17635605  10.0545401 ]
[-75.00546068 -44.14909265   8.50523965]
[-74.62141926 -43.39888      7.46755169]
[-7.16770369e+01 -3.75457419e+01 -8.77790553e-15]
[-71.18711568 -36.79116058  -0.93168419]
[-67.37200868 -30.88360153  -7.87465908]
[-66.82222655 -30.18342972  -8.66861932]
[-62.43353135 -24.53112588 -14.79701976]
[-61.56379846 -23.5757103  -15.78207428]
[-57.03361498 -18.52239657 -20.75853918]
[-55.44278736 -16.96799088 -22.18453204]
[-51.31709179 -12.8609355  -25.77241089]
[-48.50913836 -10.36026955 -27.75328843]
[-45.41306864  -7.54335737 -29.86864962]
[-40.83676048  -3.75254297 -32.35683283]
[-40.05700306  -3.0775657  -32.77681975]
[-39.42873005  -2.54830136 -33.08569691]
[-36.22994214   0.         -34.37024663]
[-71.47798 -50.       33.33033]
[-74.11016 -50.       26.97656]
[-76.03759  -49.700138  20.269909]
[-76.11721483 -47.79018542  14.90408148]
[-75.38905482 -45.17635605  10.0545401 ]
[-75.00546068 -44.14909265   8.50523965]
[-74.62141926 -43.39888      7.46755169]
[-7.16770369e+01 -3.75457419e+01 -8.77790553e-15]
[-71.18711568 -36.79116058  -0.93168419]
[-67.37200868 -30.88360153  -7.87465908]
[-66.82222655 -30.18342972  -8.66861932]
[-62.43353135 -24.53112588 -14.79701976]
[-61.56379846 -23.5757103  -15.78207428]
[-57.03361498 -18.52239657 -20.75853918]
[-55.44278736 -16.96799088 -22.18453204]
[-51.31709179 -12.8609355  -25.77241089]
[-48.50913836 -10.36026955 -27.75328843]
[-45.41306864  -7.54335737 -29.86864962]
[-40.83676048  -3.75254297 -32.35683283]
[-40.05700306  -3.0775657  -32.77681975]
[-39.42873005  -2.54830136 -33.08569691]
[-36.22994214   0.         -34.37024663]
[-71.47798 -50.       33.33033]
[-74.11016 -50.       26.97656]
[-76.03759  -49.700138  20.269909]
[-76.11721483 -47.79018542  14.90408148]
[-75.38905482 -45.17635605  10.0545401 ]
[-75.00546068 -44.14909265   8.50523965]
[-74.62141926 -43.39888      7.46755169]
[-7.16770369e+01 -3.75457419e+01 -8.77790553e-15]
[-71.18711568 -36.79116058  -0.93168419]
[-67.37200868 -30.88360153  -7.87465908]
[-66.82222655 -30.18342972  -8.66861932]
[-62.43353135 -24.53112588 -14.79701976]
[-61.56379846 -23.5757103  -15.78207428]
[-57.03361498 -18.52239657 -20.75853918]
[-55.44278736 -16.96799088 -22.18453204]
[-51.31709179 -12.8609355  -25.77241089]
[-48.50913836 -10.36026955 -27.75328843]
[-45.41306864  -7.54335737 -29.86864962]
[-40.83676048  -3.75254297 -32.35683283]
[-40.05700306  -3.0775657  -32.77681975]
[-39.42873005  -2.54830136 -33.08569691]
[-36.22994214   0.         -34.37024663]
[-71.47798 -50.       33.33033]
[-74.11016 -50.       26.97656]
[-76.03759  -49.700138  20.269909]
[-76.11721483 -47.79018542  14.90408148]
[-75.38905482 -45.17635605  10.0545401 ]
[-75.00546068 -44.14909265   8.50523965]
[-74.62141926 -43.39888      7.46755169]
[-7.16770369e+01 -3.75457419e+01 -8.77790553e-15]
[-71.18711568 -36.79116058  -0.93168419]
[-67.37200868 -30.88360153  -7.87465908]
[-66.82222655 -30.18342972  -8.66861932]
[-62.43353135 -24.53112588 -14.79701976]
[-61.56379846 -23.5757103  -15.78207428]
[-57.03361498 -18.52239657 -20.75853918]
[-55.44278736 -16.96799088 -22.18453204]
[-51.31709179 -12.8609355  -25.77241089]
[-48.50913836 -10.36026955 -27.75328843]
[-45.41306864  -7.54335737 -29.86864962]
[-40.83676048  -3.75254297 -32.35683283]
[-40.05700306  -3.0775657  -32.77681975]
[-39.42873005  -2.54830136 -33.08569691]
[-36.22994214   0.         -34.37024663]
