0.000000000000000000e+00 0.000000000000000000e+00 0.000000000000000000e+00
1.060659980773925781e+01 1.060659980773925781e+01 0.000000000000000000e+00
1.247204017639160156e+01 8.333553314208984375e+00 0.000000000000000000e+00
0.000000000000000000e+00 0.000000000000000000e+00 1.000000000000000000e+01
1.247206020355224609e+01 8.333529472351074219e+00 1.000000000000000000e+01
1.060661983489990234e+01 1.060657978057861328e+01 1.000000000000000000e+01
0.000000000000000000e+00 0.000000000000000000e+00 0.000000000000000000e+00
1.247204017639160156e+01 8.333553314208984375e+00 0.000000000000000000e+00
1.385818958282470703e+01 5.740251064300537109e+00 0.000000000000000000e+00
0.000000000000000000e+00 0.000000000000000000e+00 1.000000000000000000e+01
1.385820007324218750e+01 5.740222930908203125e+00 1.000000000000000000e+01
1.247206020355224609e+01 8.333529472351074219e+00 1.000000000000000000e+01
0.000000000000000000e+00 0.000000000000000000e+00 0.000000000000000000e+00
1.385818958282470703e+01 5.740251064300537109e+00 0.000000000000000000e+00
1.471177959442138672e+01 2.926354885101318359e+00 0.000000000000000000e+00
0.000000000000000000e+00 0.000000000000000000e+00 1.000000000000000000e+01
1.471179008483886719e+01 2.926323890686035156e+00 1.000000000000000000e+01
1.385820007324218750e+01 5.740222930908203125e+00 1.000000000000000000e+01
0.000000000000000000e+00 0.000000000000000000e+00 0.000000000000000000e+00
1.471177959442138672e+01 2.926354885101318359e+00 0.000000000000000000e+00
1.500000000000000000e+01 4.619161870778043522e-07 0.000000000000000000e+00
0.000000000000000000e+00 0.000000000000000000e+00 1.000000000000000000e+01
1.500000000000000000e+01 -3.255913907196372747e-05 1.000000000000000000e+01
1.471179008483886719e+01 2.926323890686035156e+00 1.000000000000000000e+01
0.000000000000000000e+00 0.000000000000000000e+00 0.000000000000000000e+00
1.500000000000000000e+01 4.619161870778043522e-07 0.000000000000000000e+00
1.471177959442138672e+01 -2.926353931427001953e+00 0.000000000000000000e+00
0.000000000000000000e+00 0.000000000000000000e+00 1.000000000000000000e+01
1.471177005767822266e+01 -2.926388025283813477e+00 1.000000000000000000e+01
1.500000000000000000e+01 -3.255913907196372747e-05 1.000000000000000000e+01
0.000000000000000000e+00 0.000000000000000000e+00 0.000000000000000000e+00
1.471177959442138672e+01 -2.926353931427001953e+00 0.000000000000000000e+00
1.385818958282470703e+01 -5.740250110626220703e+00 0.000000000000000000e+00
0.000000000000000000e+00 0.000000000000000000e+00 1.000000000000000000e+01
1.385818004608154297e+01 -5.740276813507080078e+00 1.000000000000000000e+01
1.471177005767822266e+01 -2.926388025283813477e+00 1.000000000000000000e+01
0.000000000000000000e+00 0.000000000000000000e+00 0.000000000000000000e+00
1.385818958282470703e+01 -5.740250110626220703e+00 0.000000000000000000e+00
1.247204971313476562e+01 -8.333551406860351562e+00 0.000000000000000000e+00
0.000000000000000000e+00 0.000000000000000000e+00 1.000000000000000000e+01
1.247202968597412109e+01 -8.333571434020996094e+00 1.000000000000000000e+01
1.385818004608154297e+01 -5.740276813507080078e+00 1.000000000000000000e+01
0.000000000000000000e+00 0.000000000000000000e+00 0.000000000000000000e+00
1.247204971313476562e+01 -8.333551406860351562e+00 0.000000000000000000e+00
1.060659980773925781e+01 -1.060659980773925781e+01 0.000000000000000000e+00
0.000000000000000000e+00 0.000000000000000000e+00 1.000000000000000000e+01
1.060659027099609375e+01 -1.060661029815673828e+01 1.000000000000000000e+01
1.247202968597412109e+01 -8.333571434020996094e+00 1.000000000000000000e+01
0.000000000000000000e+00 0.000000000000000000e+00 0.000000000000000000e+00
1.060659980773925781e+01 -1.060659980773925781e+01 0.000000000000000000e+00
8.333553314208984375e+00 -1.247204017639160156e+01 0.000000000000000000e+00
0.000000000000000000e+00 0.000000000000000000e+00 1.000000000000000000e+01
8.333545684814453125e+00 -1.247204971313476562e+01 1.000000000000000000e+01
1.060659027099609375e+01 -1.060661029815673828e+01 1.000000000000000000e+01
0.000000000000000000e+00 0.000000000000000000e+00 0.000000000000000000e+00
8.333553314208984375e+00 -1.247204017639160156e+01 0.000000000000000000e+00
5.740250110626220703e+00 -1.385818958282470703e+01 0.000000000000000000e+00
0.000000000000000000e+00 0.000000000000000000e+00 1.000000000000000000e+01
5.740248203277587891e+00 -1.385818958282470703e+01 1.000000000000000000e+01
8.333545684814453125e+00 -1.247204971313476562e+01 1.000000000000000000e+01
0.000000000000000000e+00 0.000000000000000000e+00 0.000000000000000000e+00
5.740250110626220703e+00 -1.385818958282470703e+01 0.000000000000000000e+00
2.926352024078369141e+00 -1.471177959442138672e+01 0.000000000000000000e+00
0.000000000000000000e+00 0.000000000000000000e+00 1.000000000000000000e+01
2.926357030868530273e+00 -1.471177959442138672e+01 1.000000000000000000e+01
5.740248203277587891e+00 -1.385818958282470703e+01 1.000000000000000000e+01
0.000000000000000000e+00 0.000000000000000000e+00 0.000000000000000000e+00
2.926352024078369141e+00 -1.471177959442138672e+01 0.000000000000000000e+00
-3.770032890315633267e-06 -1.500000000000000000e+01 0.000000000000000000e+00
0.000000000000000000e+00 0.000000000000000000e+00 1.000000000000000000e+01
7.912398359621874988e-06 -1.500000000000000000e+01 1.000000000000000000e+01
2.926357030868530273e+00 -1.471177959442138672e+01 1.000000000000000000e+01
0.000000000000000000e+00 0.000000000000000000e+00 0.000000000000000000e+00
-3.770032890315633267e-06 -1.500000000000000000e+01 0.000000000000000000e+00
-2.926359891891479492e+00 -1.471177959442138672e+01 0.000000000000000000e+00
0.000000000000000000e+00 0.000000000000000000e+00 1.000000000000000000e+01
-2.926341056823730469e+00 -1.471177959442138672e+01 1.000000000000000000e+01
7.912398359621874988e-06 -1.500000000000000000e+01 1.000000000000000000e+01
0.000000000000000000e+00 0.000000000000000000e+00 0.000000000000000000e+00
-2.926359891891479492e+00 -1.471177959442138672e+01 0.000000000000000000e+00
-5.740256786346435547e+00 -1.385818958282470703e+01 0.000000000000000000e+00
0.000000000000000000e+00 0.000000000000000000e+00 1.000000000000000000e+01
-5.740232944488525391e+00 -1.385820007324218750e+01 1.000000000000000000e+01
-2.926341056823730469e+00 -1.471177959442138672e+01 1.000000000000000000e+01
0.000000000000000000e+00 0.000000000000000000e+00 0.000000000000000000e+00
-5.740256786346435547e+00 -1.385818958282470703e+01 0.000000000000000000e+00
-8.333559989929199219e+00 -1.247204017639160156e+01 0.000000000000000000e+00
0.000000000000000000e+00 0.000000000000000000e+00 1.000000000000000000e+01
-8.333532333374023438e+00 -1.247206020355224609e+01 1.000000000000000000e+01
-5.740232944488525391e+00 -1.385820007324218750e+01 1.000000000000000000e+01
0.000000000000000000e+00 0.000000000000000000e+00 0.000000000000000000e+00
-8.333559989929199219e+00 -1.247204017639160156e+01 0.000000000000000000e+00
-1.060661029815673828e+01 -1.060659980773925781e+01 0.000000000000000000e+00
0.000000000000000000e+00 0.000000000000000000e+00 1.000000000000000000e+01
-1.060657978057861328e+01 -1.060661983489990234e+01 1.000000000000000000e+01
-8.333532333374023438e+00 -1.247206020355224609e+01 1.000000000000000000e+01
0.000000000000000000e+00 0.000000000000000000e+00 0.000000000000000000e+00
-1.060661029815673828e+01 -1.060659980773925781e+01 0.000000000000000000e+00
-1.247204971313476562e+01 -8.333545684814453125e+00 0.000000000000000000e+00
0.000000000000000000e+00 0.000000000000000000e+00 1.000000000000000000e+01
-1.247202014923095703e+01 -8.333584785461425781e+00 1.000000000000000000e+01
-1.060657978057861328e+01 -1.060661983489990234e+01 1.000000000000000000e+01
0.000000000000000000e+00 0.000000000000000000e+00 0.000000000000000000e+00
-1.247204971313476562e+01 -8.333545684814453125e+00 0.000000000000000000e+00
-1.385820007324218750e+01 -5.740242004394531250e+00 0.000000000000000000e+00
0.000000000000000000e+00 0.000000000000000000e+00 1.000000000000000000e+01
-1.385818004608154297e+01 -5.740292072296142578e+00 1.000000000000000000e+01
-1.247202014923095703e+01 -8.333584785461425781e+00 1.000000000000000000e+01
0.000000000000000000e+00 0.000000000000000000e+00 0.000000000000000000e+00
-1.385820007324218750e+01 -5.740242004394531250e+00 0.000000000000000000e+00
-1.471177959442138672e+01 -2.926342964172363281e+00 0.000000000000000000e+00
0.000000000000000000e+00 0.000000000000000000e+00 1.000000000000000000e+01
-1.471177005767822266e+01 -2.926403999328613281e+00 1.000000000000000000e+01
-1.385818004608154297e+01 -5.740292072296142578e+00 1.000000000000000000e+01
0.000000000000000000e+00 0.000000000000000000e+00 0.000000000000000000e+00
-1.471177959442138672e+01 -2.926342964172363281e+00 0.000000000000000000e+00
-1.500000000000000000e+01 1.336639979854226112e-05 0.000000000000000000e+00
0.000000000000000000e+00 0.000000000000000000e+00 1.000000000000000000e+01
-1.500000000000000000e+01 -5.553648952627554536e-05 1.000000000000000000e+01
-1.471177005767822266e+01 -2.926403999328613281e+00 1.000000000000000000e+01
0.000000000000000000e+00 0.000000000000000000e+00 0.000000000000000000e+00
-1.500000000000000000e+01 1.336639979854226112e-05 0.000000000000000000e+00
-1.471177959442138672e+01 2.926368951797485352e+00 0.000000000000000000e+00
0.000000000000000000e+00 0.000000000000000000e+00 1.000000000000000000e+01
-1.471179008483886719e+01 2.926295042037963867e+00 1.000000000000000000e+01
-1.500000000000000000e+01 -5.553648952627554536e-05 1.000000000000000000e+01
0.000000000000000000e+00 0.000000000000000000e+00 0.000000000000000000e+00
-1.471177959442138672e+01 2.926368951797485352e+00 0.000000000000000000e+00
-1.385818958282470703e+01 5.740265846252441406e+00 0.000000000000000000e+00
0.000000000000000000e+00 0.000000000000000000e+00 1.000000000000000000e+01
-1.385822010040283203e+01 5.740189075469970703e+00 1.000000000000000000e+01
-1.471179008483886719e+01 2.926295042037963867e+00 1.000000000000000000e+01
0.000000000000000000e+00 0.000000000000000000e+00 0.000000000000000000e+00
-1.385818958282470703e+01 5.740265846252441406e+00 0.000000000000000000e+00
-1.247202968597412109e+01 8.333567619323730469e+00 0.000000000000000000e+00
0.000000000000000000e+00 0.000000000000000000e+00 1.000000000000000000e+01
-1.247208023071289062e+01 8.333492279052734375e+00 1.000000000000000000e+01
-1.385822010040283203e+01 5.740189075469970703e+00 1.000000000000000000e+01
0.000000000000000000e+00 0.000000000000000000e+00 0.000000000000000000e+00
-1.247202968597412109e+01 8.333567619323730469e+00 0.000000000000000000e+00
-1.060659027099609375e+01 1.060661029815673828e+01 0.000000000000000000e+00
0.000000000000000000e+00 0.000000000000000000e+00 1.000000000000000000e+01
-1.060665988922119141e+01 1.060655021667480469e+01 1.000000000000000000e+01
-1.247208023071289062e+01 8.333492279052734375e+00 1.000000000000000000e+01
0.000000000000000000e+00 0.000000000000000000e+00 0.000000000000000000e+00
-1.060659027099609375e+01 1.060661029815673828e+01 0.000000000000000000e+00
-8.333537101745605469e+00 1.247204971313476562e+01 0.000000000000000000e+00
0.000000000000000000e+00 0.000000000000000000e+00 1.000000000000000000e+01
-8.333624839782714844e+00 1.247200012207031250e+01 1.000000000000000000e+01
-1.060665988922119141e+01 1.060655021667480469e+01 1.000000000000000000e+01
0.000000000000000000e+00 0.000000000000000000e+00 0.000000000000000000e+00
-8.333537101745605469e+00 1.247204971313476562e+01 0.000000000000000000e+00
-5.740231990814208984e+00 1.385820007324218750e+01 0.000000000000000000e+00
0.000000000000000000e+00 0.000000000000000000e+00 1.000000000000000000e+01
-5.740335941314697266e+00 1.385816001892089844e+01 1.000000000000000000e+01
-8.333624839782714844e+00 1.247200012207031250e+01 1.000000000000000000e+01
0.000000000000000000e+00 0.000000000000000000e+00 0.000000000000000000e+00
-5.740231990814208984e+00 1.385820007324218750e+01 0.000000000000000000e+00
-2.926332950592041016e+00 1.471177959442138672e+01 0.000000000000000000e+00
0.000000000000000000e+00 0.000000000000000000e+00 1.000000000000000000e+01
-2.926450014114379883e+00 1.471175956726074219e+01 1.000000000000000000e+01
-5.740335941314697266e+00 1.385816001892089844e+01 1.000000000000000000e+01
0.000000000000000000e+00 0.000000000000000000e+00 0.000000000000000000e+00
-2.926332950592041016e+00 1.471177959442138672e+01 0.000000000000000000e+00
2.296276943525299430e-05 1.500000000000000000e+01 0.000000000000000000e+00
0.000000000000000000e+00 0.000000000000000000e+00 1.000000000000000000e+01
-1.031606007018126547e-04 1.500000000000000000e+01 1.000000000000000000e+01
-2.926450014114379883e+00 1.471175956726074219e+01 1.000000000000000000e+01
0.000000000000000000e+00 0.000000000000000000e+00 0.000000000000000000e+00
2.296276943525299430e-05 1.500000000000000000e+01 0.000000000000000000e+00
2.926378011703491211e+00 1.471177005767822266e+01 0.000000000000000000e+00
0.000000000000000000e+00 0.000000000000000000e+00 1.000000000000000000e+01
2.926248073577880859e+00 1.471179962158203125e+01 1.000000000000000000e+01
-1.031606007018126547e-04 1.500000000000000000e+01 1.000000000000000000e+01
0.000000000000000000e+00 0.000000000000000000e+00 0.000000000000000000e+00
2.926378011703491211e+00 1.471177005767822266e+01 0.000000000000000000e+00
5.740274906158447266e+00 1.385818004608154297e+01 0.000000000000000000e+00
0.000000000000000000e+00 0.000000000000000000e+00 1.000000000000000000e+01
5.740145206451416016e+00 1.385824012756347656e+01 1.000000000000000000e+01
2.926248073577880859e+00 1.471179962158203125e+01 1.000000000000000000e+01
0.000000000000000000e+00 0.000000000000000000e+00 0.000000000000000000e+00
5.740274906158447266e+00 1.385818004608154297e+01 0.000000000000000000e+00
8.333575248718261719e+00 1.247202968597412109e+01 0.000000000000000000e+00
0.000000000000000000e+00 0.000000000000000000e+00 1.000000000000000000e+01
8.333453178405761719e+00 1.247210979461669922e+01 1.000000000000000000e+01
5.740145206451416016e+00 1.385824012756347656e+01 1.000000000000000000e+01
8.333575248718261719e+00 1.247202968597412109e+01 0.000000000000000000e+00
1.060659980773925781e+01 1.060659980773925781e+01 0.000000000000000000e+00
0.000000000000000000e+00 0.000000000000000000e+00 0.000000000000000000e+00
0.000000000000000000e+00 0.000000000000000000e+00 1.000000000000000000e+01
1.060661983489990234e+01 1.060657978057861328e+01 1.000000000000000000e+01
8.333453178405761719e+00 1.247210979461669922e+01 1.000000000000000000e+01
1.060659980773925781e+01 1.060659980773925781e+01 0.000000000000000000e+00
1.060661983489990234e+01 1.060657978057861328e+01 1.000000000000000000e+01
1.247206020355224609e+01 8.333529472351074219e+00 1.000000000000000000e+01
1.060659980773925781e+01 1.060659980773925781e+01 0.000000000000000000e+00
1.247206020355224609e+01 8.333529472351074219e+00 1.000000000000000000e+01
1.247204017639160156e+01 8.333553314208984375e+00 0.000000000000000000e+00
1.247204017639160156e+01 8.333553314208984375e+00 0.000000000000000000e+00
1.247206020355224609e+01 8.333529472351074219e+00 1.000000000000000000e+01
1.385820007324218750e+01 5.740222930908203125e+00 1.000000000000000000e+01
1.247204017639160156e+01 8.333553314208984375e+00 0.000000000000000000e+00
1.385820007324218750e+01 5.740222930908203125e+00 1.000000000000000000e+01
1.385818958282470703e+01 5.740251064300537109e+00 0.000000000000000000e+00
1.385818958282470703e+01 5.740251064300537109e+00 0.000000000000000000e+00
1.385820007324218750e+01 5.740222930908203125e+00 1.000000000000000000e+01
1.471179008483886719e+01 2.926323890686035156e+00 1.000000000000000000e+01
1.385818958282470703e+01 5.740251064300537109e+00 0.000000000000000000e+00
1.471179008483886719e+01 2.926323890686035156e+00 1.000000000000000000e+01
1.471177959442138672e+01 2.926354885101318359e+00 0.000000000000000000e+00
1.471177959442138672e+01 2.926354885101318359e+00 0.000000000000000000e+00
1.471179008483886719e+01 2.926323890686035156e+00 1.000000000000000000e+01
1.500000000000000000e+01 -3.255913907196372747e-05 1.000000000000000000e+01
1.471177959442138672e+01 2.926354885101318359e+00 0.000000000000000000e+00
1.500000000000000000e+01 -3.255913907196372747e-05 1.000000000000000000e+01
1.500000000000000000e+01 4.619161870778043522e-07 0.000000000000000000e+00
1.500000000000000000e+01 4.619161870778043522e-07 0.000000000000000000e+00
1.500000000000000000e+01 -3.255913907196372747e-05 1.000000000000000000e+01
1.471177005767822266e+01 -2.926388025283813477e+00 1.000000000000000000e+01
1.500000000000000000e+01 4.619161870778043522e-07 0.000000000000000000e+00
1.471177005767822266e+01 -2.926388025283813477e+00 1.000000000000000000e+01
1.471177959442138672e+01 -2.926353931427001953e+00 0.000000000000000000e+00
1.471177959442138672e+01 -2.926353931427001953e+00 0.000000000000000000e+00
1.471177005767822266e+01 -2.926388025283813477e+00 1.000000000000000000e+01
1.385818004608154297e+01 -5.740276813507080078e+00 1.000000000000000000e+01
1.471177959442138672e+01 -2.926353931427001953e+00 0.000000000000000000e+00
1.385818004608154297e+01 -5.740276813507080078e+00 1.000000000000000000e+01
1.385818958282470703e+01 -5.740250110626220703e+00 0.000000000000000000e+00
1.385818958282470703e+01 -5.740250110626220703e+00 0.000000000000000000e+00
1.385818004608154297e+01 -5.740276813507080078e+00 1.000000000000000000e+01
1.247202968597412109e+01 -8.333571434020996094e+00 1.000000000000000000e+01
1.385818958282470703e+01 -5.740250110626220703e+00 0.000000000000000000e+00
1.247202968597412109e+01 -8.333571434020996094e+00 1.000000000000000000e+01
1.247204971313476562e+01 -8.333551406860351562e+00 0.000000000000000000e+00
1.247204971313476562e+01 -8.333551406860351562e+00 0.000000000000000000e+00
1.247202968597412109e+01 -8.333571434020996094e+00 1.000000000000000000e+01
1.060659027099609375e+01 -1.060661029815673828e+01 1.000000000000000000e+01
1.247204971313476562e+01 -8.333551406860351562e+00 0.000000000000000000e+00
1.060659027099609375e+01 -1.060661029815673828e+01 1.000000000000000000e+01
1.060659980773925781e+01 -1.060659980773925781e+01 0.000000000000000000e+00
1.060659980773925781e+01 -1.060659980773925781e+01 0.000000000000000000e+00
1.060659027099609375e+01 -1.060661029815673828e+01 1.000000000000000000e+01
8.333545684814453125e+00 -1.247204971313476562e+01 1.000000000000000000e+01
1.060659980773925781e+01 -1.060659980773925781e+01 0.000000000000000000e+00
8.333545684814453125e+00 -1.247204971313476562e+01 1.000000000000000000e+01
8.333553314208984375e+00 -1.247204017639160156e+01 0.000000000000000000e+00
8.333553314208984375e+00 -1.247204017639160156e+01 0.000000000000000000e+00
8.333545684814453125e+00 -1.247204971313476562e+01 1.000000000000000000e+01
5.740248203277587891e+00 -1.385818958282470703e+01 1.000000000000000000e+01
8.333553314208984375e+00 -1.247204017639160156e+01 0.000000000000000000e+00
5.740248203277587891e+00 -1.385818958282470703e+01 1.000000000000000000e+01
5.740250110626220703e+00 -1.385818958282470703e+01 0.000000000000000000e+00
5.740250110626220703e+00 -1.385818958282470703e+01 0.000000000000000000e+00
5.740248203277587891e+00 -1.385818958282470703e+01 1.000000000000000000e+01
2.926357030868530273e+00 -1.471177959442138672e+01 1.000000000000000000e+01
5.740250110626220703e+00 -1.385818958282470703e+01 0.000000000000000000e+00
2.926357030868530273e+00 -1.471177959442138672e+01 1.000000000000000000e+01
2.926352024078369141e+00 -1.471177959442138672e+01 0.000000000000000000e+00
2.926352024078369141e+00 -1.471177959442138672e+01 0.000000000000000000e+00
2.926357030868530273e+00 -1.471177959442138672e+01 1.000000000000000000e+01
7.912398359621874988e-06 -1.500000000000000000e+01 1.000000000000000000e+01
2.926352024078369141e+00 -1.471177959442138672e+01 0.000000000000000000e+00
7.912398359621874988e-06 -1.500000000000000000e+01 1.000000000000000000e+01
-3.770032890315633267e-06 -1.500000000000000000e+01 0.000000000000000000e+00
-3.770032890315633267e-06 -1.500000000000000000e+01 0.000000000000000000e+00
7.912398359621874988e-06 -1.500000000000000000e+01 1.000000000000000000e+01
-2.926341056823730469e+00 -1.471177959442138672e+01 1.000000000000000000e+01
-3.770032890315633267e-06 -1.500000000000000000e+01 0.000000000000000000e+00
-2.926341056823730469e+00 -1.471177959442138672e+01 1.000000000000000000e+01
-2.926359891891479492e+00 -1.471177959442138672e+01 0.000000000000000000e+00
-2.926359891891479492e+00 -1.471177959442138672e+01 0.000000000000000000e+00
-2.926341056823730469e+00 -1.471177959442138672e+01 1.000000000000000000e+01
-5.740232944488525391e+00 -1.385820007324218750e+01 1.000000000000000000e+01
-2.926359891891479492e+00 -1.471177959442138672e+01 0.000000000000000000e+00
-5.740232944488525391e+00 -1.385820007324218750e+01 1.000000000000000000e+01
-5.740256786346435547e+00 -1.385818958282470703e+01 0.000000000000000000e+00
-5.740256786346435547e+00 -1.385818958282470703e+01 0.000000000000000000e+00
-5.740232944488525391e+00 -1.385820007324218750e+01 1.000000000000000000e+01
-8.333532333374023438e+00 -1.247206020355224609e+01 1.000000000000000000e+01
-5.740256786346435547e+00 -1.385818958282470703e+01 0.000000000000000000e+00
-8.333532333374023438e+00 -1.247206020355224609e+01 1.000000000000000000e+01
-8.333559989929199219e+00 -1.247204017639160156e+01 0.000000000000000000e+00
-8.333559989929199219e+00 -1.247204017639160156e+01 0.000000000000000000e+00
-8.333532333374023438e+00 -1.247206020355224609e+01 1.000000000000000000e+01
-1.060657978057861328e+01 -1.060661983489990234e+01 1.000000000000000000e+01
-8.333559989929199219e+00 -1.247204017639160156e+01 0.000000000000000000e+00
-1.060657978057861328e+01 -1.060661983489990234e+01 1.000000000000000000e+01
-1.060661029815673828e+01 -1.060659980773925781e+01 0.000000000000000000e+00
-1.060661029815673828e+01 -1.060659980773925781e+01 0.000000000000000000e+00
-1.060657978057861328e+01 -1.060661983489990234e+01 1.000000000000000000e+01
-1.247202014923095703e+01 -8.333584785461425781e+00 1.000000000000000000e+01
-1.060661029815673828e+01 -1.060659980773925781e+01 0.000000000000000000e+00
-1.247202014923095703e+01 -8.333584785461425781e+00 1.000000000000000000e+01
-1.247204971313476562e+01 -8.333545684814453125e+00 0.000000000000000000e+00
-1.247204971313476562e+01 -8.333545684814453125e+00 0.000000000000000000e+00
-1.247202014923095703e+01 -8.333584785461425781e+00 1.000000000000000000e+01
-1.385818004608154297e+01 -5.740292072296142578e+00 1.000000000000000000e+01
-1.247204971313476562e+01 -8.333545684814453125e+00 0.000000000000000000e+00
-1.385818004608154297e+01 -5.740292072296142578e+00 1.000000000000000000e+01
-1.385820007324218750e+01 -5.740242004394531250e+00 0.000000000000000000e+00
-1.385820007324218750e+01 -5.740242004394531250e+00 0.000000000000000000e+00
-1.385818004608154297e+01 -5.740292072296142578e+00 1.000000000000000000e+01
-1.471177005767822266e+01 -2.926403999328613281e+00 1.000000000000000000e+01
-1.385820007324218750e+01 -5.740242004394531250e+00 0.000000000000000000e+00
-1.471177005767822266e+01 -2.926403999328613281e+00 1.000000000000000000e+01
-1.471177959442138672e+01 -2.926342964172363281e+00 0.000000000000000000e+00
-1.471177959442138672e+01 -2.926342964172363281e+00 0.000000000000000000e+00
-1.471177005767822266e+01 -2.926403999328613281e+00 1.000000000000000000e+01
-1.500000000000000000e+01 -5.553648952627554536e-05 1.000000000000000000e+01
-1.471177959442138672e+01 -2.926342964172363281e+00 0.000000000000000000e+00
-1.500000000000000000e+01 -5.553648952627554536e-05 1.000000000000000000e+01
-1.500000000000000000e+01 1.336639979854226112e-05 0.000000000000000000e+00
-1.500000000000000000e+01 1.336639979854226112e-05 0.000000000000000000e+00
-1.500000000000000000e+01 -5.553648952627554536e-05 1.000000000000000000e+01
-1.471179008483886719e+01 2.926295042037963867e+00 1.000000000000000000e+01
-1.500000000000000000e+01 1.336639979854226112e-05 0.000000000000000000e+00
-1.471179008483886719e+01 2.926295042037963867e+00 1.000000000000000000e+01
-1.471177959442138672e+01 2.926368951797485352e+00 0.000000000000000000e+00
-1.471177959442138672e+01 2.926368951797485352e+00 0.000000000000000000e+00
-1.471179008483886719e+01 2.926295042037963867e+00 1.000000000000000000e+01
-1.385822010040283203e+01 5.740189075469970703e+00 1.000000000000000000e+01
-1.471177959442138672e+01 2.926368951797485352e+00 0.000000000000000000e+00
-1.385822010040283203e+01 5.740189075469970703e+00 1.000000000000000000e+01
-1.385818958282470703e+01 5.740265846252441406e+00 0.000000000000000000e+00
-1.385818958282470703e+01 5.740265846252441406e+00 0.000000000000000000e+00
-1.385822010040283203e+01 5.740189075469970703e+00 1.000000000000000000e+01
-1.247208023071289062e+01 8.333492279052734375e+00 1.000000000000000000e+01
-1.385818958282470703e+01 5.740265846252441406e+00 0.000000000000000000e+00
-1.247208023071289062e+01 8.333492279052734375e+00 1.000000000000000000e+01
-1.247202968597412109e+01 8.333567619323730469e+00 0.000000000000000000e+00
-1.247202968597412109e+01 8.333567619323730469e+00 0.000000000000000000e+00
-1.247208023071289062e+01 8.333492279052734375e+00 1.000000000000000000e+01
-1.060665988922119141e+01 1.060655021667480469e+01 1.000000000000000000e+01
-1.247202968597412109e+01 8.333567619323730469e+00 0.000000000000000000e+00
-1.060665988922119141e+01 1.060655021667480469e+01 1.000000000000000000e+01
-1.060659027099609375e+01 1.060661029815673828e+01 0.000000000000000000e+00
-1.060659027099609375e+01 1.060661029815673828e+01 0.000000000000000000e+00
-1.060665988922119141e+01 1.060655021667480469e+01 1.000000000000000000e+01
-8.333624839782714844e+00 1.247200012207031250e+01 1.000000000000000000e+01
-1.060659027099609375e+01 1.060661029815673828e+01 0.000000000000000000e+00
-8.333624839782714844e+00 1.247200012207031250e+01 1.000000000000000000e+01
-8.333537101745605469e+00 1.247204971313476562e+01 0.000000000000000000e+00
-8.333537101745605469e+00 1.247204971313476562e+01 0.000000000000000000e+00
-8.333624839782714844e+00 1.247200012207031250e+01 1.000000000000000000e+01
-5.740335941314697266e+00 1.385816001892089844e+01 1.000000000000000000e+01
-8.333537101745605469e+00 1.247204971313476562e+01 0.000000000000000000e+00
-5.740335941314697266e+00 1.385816001892089844e+01 1.000000000000000000e+01
-5.740231990814208984e+00 1.385820007324218750e+01 0.000000000000000000e+00
-5.740231990814208984e+00 1.385820007324218750e+01 0.000000000000000000e+00
-5.740335941314697266e+00 1.385816001892089844e+01 1.000000000000000000e+01
-2.926450014114379883e+00 1.471175956726074219e+01 1.000000000000000000e+01
-5.740231990814208984e+00 1.385820007324218750e+01 0.000000000000000000e+00
-2.926450014114379883e+00 1.471175956726074219e+01 1.000000000000000000e+01
-2.926332950592041016e+00 1.471177959442138672e+01 0.000000000000000000e+00
-2.926332950592041016e+00 1.471177959442138672e+01 0.000000000000000000e+00
-2.926450014114379883e+00 1.471175956726074219e+01 1.000000000000000000e+01
-1.031606007018126547e-04 1.500000000000000000e+01 1.000000000000000000e+01
-2.926332950592041016e+00 1.471177959442138672e+01 0.000000000000000000e+00
-1.031606007018126547e-04 1.500000000000000000e+01 1.000000000000000000e+01
2.296276943525299430e-05 1.500000000000000000e+01 0.000000000000000000e+00
2.296276943525299430e-05 1.500000000000000000e+01 0.000000000000000000e+00
-1.031606007018126547e-04 1.500000000000000000e+01 1.000000000000000000e+01
2.926248073577880859e+00 1.471179962158203125e+01 1.000000000000000000e+01
2.296276943525299430e-05 1.500000000000000000e+01 0.000000000000000000e+00
2.926248073577880859e+00 1.471179962158203125e+01 1.000000000000000000e+01
2.926378011703491211e+00 1.471177005767822266e+01 0.000000000000000000e+00
2.926378011703491211e+00 1.471177005767822266e+01 0.000000000000000000e+00
2.926248073577880859e+00 1.471179962158203125e+01 1.000000000000000000e+01
5.740145206451416016e+00 1.385824012756347656e+01 1.000000000000000000e+01
2.926378011703491211e+00 1.471177005767822266e+01 0.000000000000000000e+00
5.740145206451416016e+00 1.385824012756347656e+01 1.000000000000000000e+01
5.740274906158447266e+00 1.385818004608154297e+01 0.000000000000000000e+00
5.740274906158447266e+00 1.385818004608154297e+01 0.000000000000000000e+00
5.740145206451416016e+00 1.385824012756347656e+01 1.000000000000000000e+01
8.333453178405761719e+00 1.247210979461669922e+01 1.000000000000000000e+01
5.740274906158447266e+00 1.385818004608154297e+01 0.000000000000000000e+00
8.333453178405761719e+00 1.247210979461669922e+01 1.000000000000000000e+01
8.333575248718261719e+00 1.247202968597412109e+01 0.000000000000000000e+00
1.060661983489990234e+01 1.060657978057861328e+01 1.000000000000000000e+01
1.060659980773925781e+01 1.060659980773925781e+01 0.000000000000000000e+00
8.333575248718261719e+00 1.247202968597412109e+01 0.000000000000000000e+00
1.060661983489990234e+01 1.060657978057861328e+01 1.000000000000000000e+01
8.333575248718261719e+00 1.247202968597412109e+01 0.000000000000000000e+00
8.333453178405761719e+00 1.247210979461669922e+01 1.000000000000000000e+01
